Link_index	Source	Destination	Capacity(EPRps)
0	1	0	186
1	2	0	74
2	3	0	320
3	4	0	160
4	5	0	82
5	6	0	154
6	7	0	357
7	4	3	283
8	5	3	265
9	0	3	285
10	7	3	356
11	8	5	67
12	1	5	136
13	3	5	164
14	0	5	267
15	8	1	86
16	5	1	261
17	9	1	277
18	6	1	136
19	0	1	262
20	10	1	207
21	11	1	235
22	12	1	334
23	13	1	186
24	8	14	224
25	10	14	14
26	8	10	338
27	1	10	256
28	14	10	67
29	15	10	150
30	8	15	193
31	16	15	109
32	10	15	220
33	7	15	26
34	1	8	152
35	14	8	52
36	5	8	372
37	15	8	4
38	10	8	104
39	3	7	380
40	4	7	354
41	16	7	399
42	15	7	72
43	0	7	273
44	17	7	311
45	15	16	219
46	7	16	114
47	9	18	247
48	13	18	127
49	9	19	51
50	11	19	241
51	2	4	358
52	3	4	94
53	20	4	244
54	9	4	238
55	21	4	211
56	6	4	164
57	0	4	246
58	22	4	360
59	7	4	332
60	12	4	21
61	4	21	397
62	20	21	85
63	23	21	83
64	4	20	31
65	21	20	251
66	17	20	157
67	22	20	303
68	4	22	341
69	20	22	201
70	17	22	75
71	19	9	350
72	1	9	25
73	2	9	152
74	4	9	247
75	18	9	4
76	6	9	9
77	11	9	302
78	12	9	7
79	13	9	21
80	1	6	289
81	4	6	166
82	9	6	71
83	0	6	244
84	12	6	119
85	1	12	297
86	4	12	321
87	9	12	294
88	6	12	71
89	11	12	69
90	20	17	51
91	22	17	92
92	7	17	122
93	4	2	292
94	24	2	342
95	9	2	238
96	0	2	177
97	23	2	259
98	11	2	387
99	2	24	298
100	23	24	120
101	1	13	324
102	9	13	245
103	18	13	126
104	19	11	93
105	1	11	9
106	2	11	301
107	9	11	104
108	12	11	293
109	2	23	266
110	24	23	65
111	21	23	395
1	21	23	354
