Link_index	Source	Destination	Capacity(EPRps)
0	0	1	56
1	1	2	15
2	1	3	179
3	4	5	154
4	4	3	374
5	4	6	328
6	3	7	294
7	8	2	122
8	8	9	51
9	8	10	41
10	11	2	290
11	11	12	314
12	6	10	200
13	2	13	358
14	2	14	293
15	2	15	318
16	2	12	100
17	2	16	37
18	2	17	245
19	2	18	394
20	9	13	17
21	19	20	186
22	20	21	20
23	20	22	123
24	23	17	4
25	24	17	180
26	24	25	41
27	25	26	324
28	25	27	384
29	25	28	88
30	28	29	164
31	29	30	119
32	30	31	241
33	31	21	51
34	21	32	73
35	21	17	368
36	33	34	100
37	33	35	75
38	35	36	260
39	37	38	361
40	37	17	60
41	22	17	260
42	32	39	281
43	40	39	357
44	40	38	24
45	34	39	300
46	34	41	56
47	36	41	377
48	17	16	215
49	17	15	305
50	17	18	70
51	13	42	88
52	13	15	375
53	13	43	81
54	43	44	63
55	44	14	35
56	38	15	366
57	15	42	64
58	45	5	10
59	45	7	29
60	26	46	195
61	26	47	332
62	48	46	210
63	48	47	46
64	27	12	384
65	47	12	220
66	12	49	380
67	49	7	338
7	49	7	48
